,label,0,1,2,3,4
0,tensor(0),tensor(0.2285),tensor(0.3494),tensor(0.1452),tensor(0.1392),tensor(0.1378)
1,tensor(1),tensor(0.2737),tensor(0.3064),tensor(0.1432),tensor(0.1388),tensor(0.1379)
2,tensor(0),tensor(0.9221),tensor(0.0204),tensor(0.0193),tensor(0.0192),tensor(0.0191)
3,tensor(0),tensor(0.9297),tensor(0.0183),tensor(0.0174),tensor(0.0173),tensor(0.0173)
4,tensor(0),tensor(0.8910),tensor(0.0287),tensor(0.0269),tensor(0.0268),tensor(0.0267)
5,tensor(0),tensor(0.8949),tensor(0.0278),tensor(0.0259),tensor(0.0258),tensor(0.0257)
6,tensor(0),tensor(0.9514),tensor(0.0125),tensor(0.0121),tensor(0.0120),tensor(0.0120)
7,tensor(0),tensor(0.9460),tensor(0.0139),tensor(0.0134),tensor(0.0134),tensor(0.0133)
8,tensor(0),tensor(0.9207),tensor(0.0207),tensor(0.0196),tensor(0.0195),tensor(0.0195)
9,tensor(0),tensor(0.8996),tensor(0.0265),tensor(0.0247),tensor(0.0246),tensor(0.0246)
10,tensor(0),tensor(0.8470),tensor(0.0409),tensor(0.0375),tensor(0.0373),tensor(0.0372)
11,tensor(0),tensor(0.7999),tensor(0.0539),tensor(0.0490),tensor(0.0487),tensor(0.0484)
12,tensor(0),tensor(0.8709),tensor(0.0342),tensor(0.0318),tensor(0.0316),tensor(0.0315)
13,tensor(0),tensor(0.8243),tensor(0.0471),tensor(0.0431),tensor(0.0429),tensor(0.0426)
14,tensor(0),tensor(0.9240),tensor(0.0198),tensor(0.0188),tensor(0.0187),tensor(0.0187)
15,tensor(0),tensor(0.9362),tensor(0.0165),tensor(0.0158),tensor(0.0158),tensor(0.0157)
16,tensor(0),tensor(0.8106),tensor(0.0505),tensor(0.0466),tensor(0.0463),tensor(0.0460)
17,tensor(0),tensor(0.6359),tensor(0.1030),tensor(0.0879),tensor(0.0869),tensor(0.0862)
18,tensor(0),tensor(0.4495),tensor(0.1660),tensor(0.1309),tensor(0.1276),tensor(0.1259)
19,tensor(0),tensor(0.3417),tensor(0.2016),tensor(0.1586),tensor(0.1506),tensor(0.1475)
20,tensor(0),tensor(0.9200),tensor(0.0208),tensor(0.0198),tensor(0.0197),tensor(0.0197)
21,tensor(0),tensor(0.9195),tensor(0.0210),tensor(0.0199),tensor(0.0198),tensor(0.0198)
22,tensor(0),tensor(0.9066),tensor(0.0244),tensor(0.0231),tensor(0.0230),tensor(0.0229)
23,tensor(0),tensor(0.8267),tensor(0.0467),tensor(0.0424),tensor(0.0422),tensor(0.0420)
24,tensor(0),tensor(0.9238),tensor(0.0198),tensor(0.0189),tensor(0.0188),tensor(0.0187)
25,tensor(0),tensor(0.9366),tensor(0.0164),tensor(0.0157),tensor(0.0157),tensor(0.0156)
26,tensor(0),tensor(0.8458),tensor(0.0413),tensor(0.0378),tensor(0.0376),tensor(0.0374)
27,tensor(0),tensor(0.8689),tensor(0.0347),tensor(0.0323),tensor(0.0321),tensor(0.0320)
28,tensor(0),tensor(0.9307),tensor(0.0179),tensor(0.0172),tensor(0.0171),tensor(0.0171)
29,tensor(0),tensor(0.8860),tensor(0.0302),tensor(0.0280),tensor(0.0279),tensor(0.0278)
30,tensor(0),tensor(0.8946),tensor(0.0278),tensor(0.0260),tensor(0.0259),tensor(0.0258)
31,tensor(0),tensor(0.8851),tensor(0.0305),tensor(0.0283),tensor(0.0281),tensor(0.0280)
32,tensor(0),tensor(0.3602),tensor(0.2243),tensor(0.1417),tensor(0.1374),tensor(0.1364)
33,tensor(0),tensor(0.9159),tensor(0.0219),tensor(0.0208),tensor(0.0207),tensor(0.0207)
34,tensor(0),tensor(0.9181),tensor(0.0214),tensor(0.0203),tensor(0.0202),tensor(0.0201)
35,tensor(0),tensor(0.8714),tensor(0.0340),tensor(0.0317),tensor(0.0315),tensor(0.0314)
36,tensor(0),tensor(0.9197),tensor(0.0209),tensor(0.0198),tensor(0.0198),tensor(0.0197)
37,tensor(0),tensor(0.9104),tensor(0.0234),tensor(0.0221),tensor(0.0220),tensor(0.0220)
38,tensor(0),tensor(0.8925),tensor(0.0282),tensor(0.0265),tensor(0.0264),tensor(0.0263)
39,tensor(0),tensor(0.8824),tensor(0.0312),tensor(0.0289),tensor(0.0288),tensor(0.0287)
40,tensor(0),tensor(0.8830),tensor(0.0311),tensor(0.0288),tensor(0.0286),tensor(0.0285)
41,tensor(0),tensor(0.9125),tensor(0.0230),tensor(0.0216),tensor(0.0215),tensor(0.0214)
42,tensor(0),tensor(0.2081),tensor(0.3641),tensor(0.1479),tensor(0.1407),tensor(0.1392)
43,tensor(0),tensor(0.8733),tensor(0.0337),tensor(0.0311),tensor(0.0310),tensor(0.0309)
44,tensor(0),tensor(0.5350),tensor(0.1465),tensor(0.1075),tensor(0.1058),tensor(0.1052)
45,tensor(1),tensor(0.3130),tensor(0.2560),tensor(0.1485),tensor(0.1421),tensor(0.1404)
46,tensor(0),tensor(0.8992),tensor(0.0265),tensor(0.0249),tensor(0.0248),tensor(0.0247)
47,tensor(0),tensor(0.8107),tensor(0.0510),tensor(0.0464),tensor(0.0461),tensor(0.0458)
48,tensor(0),tensor(0.8948),tensor(0.0277),tensor(0.0260),tensor(0.0259),tensor(0.0258)
49,tensor(0),tensor(0.7892),tensor(0.0577),tensor(0.0513),tensor(0.0510),tensor(0.0508)
50,tensor(0),tensor(0.8527),tensor(0.0394),tensor(0.0361),tensor(0.0360),tensor(0.0358)
51,tensor(0),tensor(0.8419),tensor(0.0425),tensor(0.0387),tensor(0.0385),tensor(0.0384)
52,tensor(0),tensor(0.8012),tensor(0.0537),tensor(0.0487),tensor(0.0483),tensor(0.0481)
53,tensor(0),tensor(0.6768),tensor(0.0924),tensor(0.0777),tensor(0.0768),tensor(0.0764)
54,tensor(0),tensor(0.8862),tensor(0.0299),tensor(0.0281),tensor(0.0280),tensor(0.0278)
55,tensor(1),tensor(0.1739),tensor(0.4356),tensor(0.1347),tensor(0.1285),tensor(0.1273)
56,tensor(0),tensor(0.8301),tensor(0.0454),tensor(0.0418),tensor(0.0415),tensor(0.0412)
57,tensor(0),tensor(0.8540),tensor(0.0388),tensor(0.0360),tensor(0.0357),tensor(0.0355)
58,tensor(0),tensor(0.8523),tensor(0.0394),tensor(0.0363),tensor(0.0361),tensor(0.0359)
59,tensor(0),tensor(0.2944),tensor(0.2520),tensor(0.1585),tensor(0.1487),tensor(0.1465)
60,tensor(0),tensor(0.8732),tensor(0.0334),tensor(0.0312),tensor(0.0311),tensor(0.0310)
61,tensor(0),tensor(0.9264),tensor(0.0192),tensor(0.0182),tensor(0.0182),tensor(0.0181)
62,tensor(0),tensor(0.9103),tensor(0.0235),tensor(0.0221),tensor(0.0221),tensor(0.0220)
63,tensor(0),tensor(0.2085),tensor(0.3734),tensor(0.1442),tensor(0.1376),tensor(0.1363)
64,tensor(0),tensor(0.8652),tensor(0.0362),tensor(0.0330),tensor(0.0329),tensor(0.0327)
65,tensor(0),tensor(0.9120),tensor(0.0232),tensor(0.0217),tensor(0.0216),tensor(0.0215)
66,tensor(0),tensor(0.9159),tensor(0.0220),tensor(0.0208),tensor(0.0207),tensor(0.0206)
67,tensor(0),tensor(0.8944),tensor(0.0279),tensor(0.0260),tensor(0.0259),tensor(0.0258)
68,tensor(0),tensor(0.7283),tensor(0.0735),tensor(0.0668),tensor(0.0660),tensor(0.0654)
69,tensor(0),tensor(0.7025),tensor(0.0812),tensor(0.0729),tensor(0.0720),tensor(0.0714)
70,tensor(0),tensor(0.9040),tensor(0.0252),tensor(0.0237),tensor(0.0236),tensor(0.0235)
71,tensor(0),tensor(0.9065),tensor(0.0245),tensor(0.0231),tensor(0.0230),tensor(0.0229)
72,tensor(0),tensor(0.7677),tensor(0.0640),tensor(0.0564),tensor(0.0561),tensor(0.0558)
73,tensor(0),tensor(0.9297),tensor(0.0182),tensor(0.0174),tensor(0.0174),tensor(0.0173)
74,tensor(0),tensor(0.8513),tensor(0.0396),tensor(0.0366),tensor(0.0363),tensor(0.0362)
75,tensor(0),tensor(0.8275),tensor(0.0463),tensor(0.0424),tensor(0.0420),tensor(0.0418)
76,tensor(0),tensor(0.9167),tensor(0.0218),tensor(0.0206),tensor(0.0205),tensor(0.0204)
77,tensor(0),tensor(0.9343),tensor(0.0171),tensor(0.0163),tensor(0.0162),tensor(0.0162)
78,tensor(0),tensor(0.8544),tensor(0.0391),tensor(0.0357),tensor(0.0355),tensor(0.0354)
79,tensor(0),tensor(0.9102),tensor(0.0235),tensor(0.0222),tensor(0.0221),tensor(0.0220)
80,tensor(0),tensor(0.9147),tensor(0.0224),tensor(0.0210),tensor(0.0210),tensor(0.0209)
81,tensor(0),tensor(0.8549),tensor(0.0387),tensor(0.0356),tensor(0.0355),tensor(0.0353)
82,tensor(0),tensor(0.7610),tensor(0.0647),tensor(0.0587),tensor(0.0580),tensor(0.0577)
83,tensor(0),tensor(0.6001),tensor(0.1121),tensor(0.0975),tensor(0.0956),tensor(0.0947)
84,tensor(0),tensor(0.8944),tensor(0.0279),tensor(0.0260),tensor(0.0259),tensor(0.0258)
85,tensor(0),tensor(0.8856),tensor(0.0302),tensor(0.0282),tensor(0.0280),tensor(0.0279)
86,tensor(0),tensor(0.8241),tensor(0.0479),tensor(0.0429),tensor(0.0427),tensor(0.0425)
87,tensor(0),tensor(0.9183),tensor(0.0214),tensor(0.0201),tensor(0.0201),tensor(0.0200)
88,tensor(0),tensor(0.9054),tensor(0.0249),tensor(0.0234),tensor(0.0233),tensor(0.0232)
89,tensor(0),tensor(0.9110),tensor(0.0233),tensor(0.0220),tensor(0.0219),tensor(0.0218)
90,tensor(0),tensor(0.3690),tensor(0.2233),tensor(0.1387),tensor(0.1351),tensor(0.1339)
91,tensor(0),tensor(0.8694),tensor(0.0348),tensor(0.0321),tensor(0.0319),tensor(0.0318)
92,tensor(0),tensor(0.8736),tensor(0.0339),tensor(0.0310),tensor(0.0308),tensor(0.0307)
93,tensor(0),tensor(0.8782),tensor(0.0325),tensor(0.0299),tensor(0.0298),tensor(0.0296)
94,tensor(0),tensor(0.8996),tensor(0.0264),tensor(0.0248),tensor(0.0247),tensor(0.0246)
95,tensor(0),tensor(0.8054),tensor(0.0529),tensor(0.0475),tensor(0.0472),tensor(0.0470)
96,tensor(0),tensor(0.8970),tensor(0.0271),tensor(0.0254),tensor(0.0253),tensor(0.0252)
97,tensor(0),tensor(0.8692),tensor(0.0346),tensor(0.0322),tensor(0.0320),tensor(0.0319)
98,tensor(0),tensor(0.7887),tensor(0.0579),tensor(0.0514),tensor(0.0511),tensor(0.0509)
99,tensor(0),tensor(0.8800),tensor(0.0316),tensor(0.0296),tensor(0.0294),tensor(0.0293)
100,tensor(0),tensor(0.7886),tensor(0.0579),tensor(0.0515),tensor(0.0511),tensor(0.0508)
101,tensor(1),tensor(0.1709),tensor(0.4368),tensor(0.1358),tensor(0.1289),tensor(0.1276)
102,tensor(0),tensor(0.8715),tensor(0.0342),tensor(0.0316),tensor(0.0315),tensor(0.0313)
103,tensor(0),tensor(0.8773),tensor(0.0325),tensor(0.0302),tensor(0.0301),tensor(0.0299)
104,tensor(0),tensor(0.8979),tensor(0.0269),tensor(0.0252),tensor(0.0251),tensor(0.0250)
105,tensor(0),tensor(0.8997),tensor(0.0263),tensor(0.0247),tensor(0.0247),tensor(0.0246)
106,tensor(0),tensor(0.8875),tensor(0.0297),tensor(0.0277),tensor(0.0276),tensor(0.0275)
107,tensor(0),tensor(0.8882),tensor(0.0295),tensor(0.0275),tensor(0.0274),tensor(0.0273)
108,tensor(0),tensor(0.8976),tensor(0.0269),tensor(0.0253),tensor(0.0252),tensor(0.0251)
109,tensor(0),tensor(0.8852),tensor(0.0303),tensor(0.0283),tensor(0.0282),tensor(0.0281)
110,tensor(0),tensor(0.8724),tensor(0.0338),tensor(0.0314),tensor(0.0313),tensor(0.0312)
111,tensor(0),tensor(0.8696),tensor(0.0344),tensor(0.0322),tensor(0.0320),tensor(0.0319)
112,tensor(0),tensor(0.8446),tensor(0.0414),tensor(0.0382),tensor(0.0380),tensor(0.0378)
113,tensor(0),tensor(0.8129),tensor(0.0500),tensor(0.0460),tensor(0.0456),tensor(0.0454)
114,tensor(0),tensor(0.8462),tensor(0.0413),tensor(0.0377),tensor(0.0375),tensor(0.0373)
115,tensor(0),tensor(0.8322),tensor(0.0451),tensor(0.0411),tensor(0.0409),tensor(0.0407)
116,tensor(0),tensor(0.7589),tensor(0.0667),tensor(0.0585),tensor(0.0581),tensor(0.0578)
117,tensor(0),tensor(0.8849),tensor(0.0306),tensor(0.0283),tensor(0.0282),tensor(0.0281)
118,tensor(0),tensor(0.8953),tensor(0.0277),tensor(0.0258),tensor(0.0257),tensor(0.0256)
119,tensor(0),tensor(0.7964),tensor(0.0558),tensor(0.0496),tensor(0.0492),tensor(0.0490)
120,tensor(0),tensor(0.8970),tensor(0.0270),tensor(0.0254),tensor(0.0253),tensor(0.0252)
121,tensor(1),tensor(0.4323),tensor(0.1899),tensor(0.1286),tensor(0.1251),tensor(0.1240)
122,tensor(0),tensor(0.9298),tensor(0.0183),tensor(0.0174),tensor(0.0173),tensor(0.0173)
123,tensor(1),tensor(0.6915),tensor(0.0881),tensor(0.0742),tensor(0.0733),tensor(0.0729)
124,tensor(0),tensor(0.8342),tensor(0.0451),tensor(0.0406),tensor(0.0402),tensor(0.0400)
125,tensor(0),tensor(0.8483),tensor(0.0406),tensor(0.0373),tensor(0.0370),tensor(0.0368)
126,tensor(0),tensor(0.7175),tensor(0.0801),tensor(0.0680),tensor(0.0674),tensor(0.0670)
127,tensor(0),tensor(0.8803),tensor(0.0316),tensor(0.0295),tensor(0.0294),tensor(0.0293)
128,tensor(0),tensor(0.9457),tensor(0.0140),tensor(0.0135),tensor(0.0134),tensor(0.0134)
129,tensor(0),tensor(0.8596),tensor(0.0373),tensor(0.0345),tensor(0.0344),tensor(0.0342)
130,tensor(0),tensor(0.8657),tensor(0.0358),tensor(0.0330),tensor(0.0329),tensor(0.0327)
131,tensor(0),tensor(0.8709),tensor(0.0341),tensor(0.0318),tensor(0.0317),tensor(0.0315)
132,tensor(0),tensor(0.8935),tensor(0.0283),tensor(0.0262),tensor(0.0261),tensor(0.0260)
133,tensor(0),tensor(0.9125),tensor(0.0230),tensor(0.0216),tensor(0.0215),tensor(0.0214)
134,tensor(0),tensor(0.8902),tensor(0.0292),tensor(0.0270),tensor(0.0269),tensor(0.0268)
135,tensor(0),tensor(0.8980),tensor(0.0270),tensor(0.0251),tensor(0.0250),tensor(0.0249)
136,tensor(0),tensor(0.6465),tensor(0.0992),tensor(0.0857),tensor(0.0846),tensor(0.0841)
137,tensor(0),tensor(0.8812),tensor(0.0314),tensor(0.0293),tensor(0.0291),tensor(0.0290)
138,tensor(0),tensor(0.7307),tensor(0.0737),tensor(0.0656),tensor(0.0651),tensor(0.0648)
139,tensor(0),tensor(0.9116),tensor(0.0231),tensor(0.0218),tensor(0.0218),tensor(0.0217)
140,tensor(0),tensor(0.9187),tensor(0.0213),tensor(0.0201),tensor(0.0200),tensor(0.0200)
141,tensor(0),tensor(0.8503),tensor(0.0402),tensor(0.0367),tensor(0.0365),tensor(0.0363)
142,tensor(0),tensor(0.9058),tensor(0.0246),tensor(0.0233),tensor(0.0232),tensor(0.0231)
143,tensor(1),tensor(0.8704),tensor(0.0344),tensor(0.0319),tensor(0.0317),tensor(0.0316)
144,tensor(0),tensor(0.8198),tensor(0.0484),tensor(0.0441),tensor(0.0439),tensor(0.0438)
145,tensor(1),tensor(0.2602),tensor(0.3146),tensor(0.1456),tensor(0.1403),tensor(0.1393)
146,tensor(0),tensor(0.7415),tensor(0.0704),tensor(0.0632),tensor(0.0626),tensor(0.0623)
147,tensor(1),tensor(0.1678),tensor(0.4136),tensor(0.1466),tensor(0.1367),tensor(0.1352)
148,tensor(0),tensor(0.9159),tensor(0.0221),tensor(0.0208),tensor(0.0207),tensor(0.0206)
149,tensor(0),tensor(0.8988),tensor(0.0267),tensor(0.0249),tensor(0.0248),tensor(0.0247)
150,tensor(0),tensor(0.9262),tensor(0.0193),tensor(0.0182),tensor(0.0182),tensor(0.0181)
151,tensor(1),tensor(0.8985),tensor(0.0267),tensor(0.0250),tensor(0.0249),tensor(0.0248)
152,tensor(0),tensor(0.9287),tensor(0.0186),tensor(0.0176),tensor(0.0176),tensor(0.0175)
153,tensor(0),tensor(0.9186),tensor(0.0212),tensor(0.0201),tensor(0.0200),tensor(0.0200)
154,tensor(0),tensor(0.8298),tensor(0.0455),tensor(0.0419),tensor(0.0415),tensor(0.0413)
155,tensor(0),tensor(0.8603),tensor(0.0372),tensor(0.0344),tensor(0.0342),tensor(0.0339)
156,tensor(0),tensor(0.5998),tensor(0.1140),tensor(0.0968),tensor(0.0951),tensor(0.0943)
157,tensor(0),tensor(0.8819),tensor(0.0313),tensor(0.0291),tensor(0.0289),tensor(0.0288)
158,tensor(0),tensor(0.9212),tensor(0.0204),tensor(0.0195),tensor(0.0195),tensor(0.0194)
159,tensor(0),tensor(0.8751),tensor(0.0328),tensor(0.0308),tensor(0.0307),tensor(0.0306)
160,tensor(0),tensor(0.8943),tensor(0.0279),tensor(0.0260),tensor(0.0259),tensor(0.0258)
161,tensor(1),tensor(0.1971),tensor(0.3870),tensor(0.1439),tensor(0.1367),tensor(0.1353)
162,tensor(0),tensor(0.9277),tensor(0.0187),tensor(0.0179),tensor(0.0178),tensor(0.0178)
163,tensor(0),tensor(0.9209),tensor(0.0205),tensor(0.0196),tensor(0.0195),tensor(0.0195)
164,tensor(0),tensor(0.7218),tensor(0.0768),tensor(0.0678),tensor(0.0670),tensor(0.0666)
165,tensor(0),tensor(0.8835),tensor(0.0306),tensor(0.0288),tensor(0.0286),tensor(0.0285)
166,tensor(0),tensor(0.6178),tensor(0.1077),tensor(0.0929),tensor(0.0912),tensor(0.0904)
167,tensor(0),tensor(0.8478),tensor(0.0405),tensor(0.0375),tensor(0.0372),tensor(0.0370)
168,tensor(0),tensor(0.8675),tensor(0.0351),tensor(0.0326),tensor(0.0325),tensor(0.0323)
169,tensor(0),tensor(0.8303),tensor(0.0456),tensor(0.0416),tensor(0.0414),tensor(0.0411)
170,tensor(0),tensor(0.8898),tensor(0.0290),tensor(0.0272),tensor(0.0271),tensor(0.0269)
171,tensor(0),tensor(0.8993),tensor(0.0264),tensor(0.0249),tensor(0.0248),tensor(0.0247)
172,tensor(0),tensor(0.6094),tensor(0.1142),tensor(0.0936),tensor(0.0918),tensor(0.0911)
173,tensor(0),tensor(0.6786),tensor(0.0884),tensor(0.0787),tensor(0.0775),tensor(0.0768)
174,tensor(0),tensor(0.8889),tensor(0.0293),tensor(0.0274),tensor(0.0273),tensor(0.0272)
175,tensor(0),tensor(0.9140),tensor(0.0225),tensor(0.0212),tensor(0.0212),tensor(0.0211)
176,tensor(0),tensor(0.9255),tensor(0.0194),tensor(0.0184),tensor(0.0184),tensor(0.0183)
177,tensor(0),tensor(0.6474),tensor(0.1047),tensor(0.0834),tensor(0.0824),tensor(0.0820)
178,tensor(0),tensor(0.9245),tensor(0.0198),tensor(0.0186),tensor(0.0186),tensor(0.0185)
179,tensor(0),tensor(0.8396),tensor(0.0436),tensor(0.0391),tensor(0.0389),tensor(0.0388)
180,tensor(0),tensor(0.8618),tensor(0.0370),tensor(0.0339),tensor(0.0338),tensor(0.0336)
181,tensor(0),tensor(0.8916),tensor(0.0287),tensor(0.0267),tensor(0.0266),tensor(0.0265)
182,tensor(0),tensor(0.8791),tensor(0.0319),tensor(0.0298),tensor(0.0297),tensor(0.0295)
183,tensor(1),tensor(0.8541),tensor(0.0391),tensor(0.0358),tensor(0.0356),tensor(0.0354)
184,tensor(0),tensor(0.7690),tensor(0.0634),tensor(0.0563),tensor(0.0558),tensor(0.0555)
185,tensor(0),tensor(0.8559),tensor(0.0385),tensor(0.0354),tensor(0.0352),tensor(0.0350)
186,tensor(0),tensor(0.8693),tensor(0.0347),tensor(0.0322),tensor(0.0320),tensor(0.0318)
187,tensor(1),tensor(0.5466),tensor(0.1344),tensor(0.1082),tensor(0.1058),tensor(0.1050)
188,tensor(0),tensor(0.9107),tensor(0.0234),tensor(0.0220),tensor(0.0219),tensor(0.0219)
189,tensor(0),tensor(0.8962),tensor(0.0273),tensor(0.0256),tensor(0.0255),tensor(0.0254)
190,tensor(0),tensor(0.8430),tensor(0.0420),tensor(0.0385),tensor(0.0383),tensor(0.0382)
191,tensor(0),tensor(0.7970),tensor(0.0551),tensor(0.0496),tensor(0.0493),tensor(0.0491)
192,tensor(0),tensor(0.9008),tensor(0.0262),tensor(0.0244),tensor(0.0243),tensor(0.0243)
193,tensor(0),tensor(0.9021),tensor(0.0257),tensor(0.0241),tensor(0.0241),tensor(0.0240)
194,tensor(0),tensor(0.9401),tensor(0.0155),tensor(0.0148),tensor(0.0148),tensor(0.0147)
195,tensor(0),tensor(0.9311),tensor(0.0179),tensor(0.0171),tensor(0.0170),tensor(0.0170)
196,tensor(0),tensor(0.8908),tensor(0.0289),tensor(0.0269),tensor(0.0268),tensor(0.0267)
197,tensor(0),tensor(0.8525),tensor(0.0396),tensor(0.0361),tensor(0.0360),tensor(0.0358)
198,tensor(0),tensor(0.8987),tensor(0.0268),tensor(0.0249),tensor(0.0248),tensor(0.0247)
199,tensor(0),tensor(0.9143),tensor(0.0225),tensor(0.0211),tensor(0.0211),tensor(0.0210)
200,tensor(0),tensor(0.8521),tensor(0.0396),tensor(0.0362),tensor(0.0361),tensor(0.0360)
201,tensor(0),tensor(0.5854),tensor(0.1284),tensor(0.0964),tensor(0.0951),tensor(0.0947)
202,tensor(0),tensor(0.7599),tensor(0.0661),tensor(0.0584),tensor(0.0580),tensor(0.0577)
203,tensor(1),tensor(0.2043),tensor(0.3749),tensor(0.1447),tensor(0.1386),tensor(0.1375)
204,tensor(0),tensor(0.7247),tensor(0.0769),tensor(0.0668),tensor(0.0660),tensor(0.0656)
205,tensor(0),tensor(0.8758),tensor(0.0328),tensor(0.0306),tensor(0.0305),tensor(0.0303)
206,tensor(0),tensor(0.9043),tensor(0.0252),tensor(0.0236),tensor(0.0235),tensor(0.0234)
207,tensor(0),tensor(0.5825),tensor(0.1239),tensor(0.0995),tensor(0.0975),tensor(0.0966)
208,tensor(0),tensor(0.9331),tensor(0.0174),tensor(0.0166),tensor(0.0165),tensor(0.0165)
209,tensor(0),tensor(0.9114),tensor(0.0232),tensor(0.0219),tensor(0.0218),tensor(0.0217)
210,tensor(0),tensor(0.8735),tensor(0.0336),tensor(0.0311),tensor(0.0310),tensor(0.0308)
211,tensor(0),tensor(0.2786),tensor(0.2942),tensor(0.1470),tensor(0.1408),tensor(0.1394)
212,tensor(0),tensor(0.9046),tensor(0.0250),tensor(0.0236),tensor(0.0235),tensor(0.0234)
213,tensor(0),tensor(0.8536),tensor(0.0386),tensor(0.0361),tensor(0.0359),tensor(0.0358)
214,tensor(0),tensor(0.9200),tensor(0.0209),tensor(0.0198),tensor(0.0197),tensor(0.0196)
215,tensor(0),tensor(0.9166),tensor(0.0218),tensor(0.0206),tensor(0.0205),tensor(0.0205)
216,tensor(0),tensor(0.8778),tensor(0.0324),tensor(0.0301),tensor(0.0299),tensor(0.0298)
217,tensor(0),tensor(0.8732),tensor(0.0336),tensor(0.0312),tensor(0.0311),tensor(0.0309)
218,tensor(0),tensor(0.9248),tensor(0.0197),tensor(0.0186),tensor(0.0185),tensor(0.0184)
219,tensor(0),tensor(0.6288),tensor(0.1049),tensor(0.0897),tensor(0.0886),tensor(0.0879)
220,tensor(0),tensor(0.2354),tensor(0.2971),tensor(0.1657),tensor(0.1522),tensor(0.1497)
221,tensor(0),tensor(0.3844),tensor(0.2116),tensor(0.1383),tensor(0.1335),tensor(0.1323)
222,tensor(0),tensor(0.8783),tensor(0.0320),tensor(0.0300),tensor(0.0299),tensor(0.0298)
223,tensor(0),tensor(0.9319),tensor(0.0177),tensor(0.0169),tensor(0.0168),tensor(0.0168)
224,tensor(0),tensor(0.9097),tensor(0.0237),tensor(0.0223),tensor(0.0222),tensor(0.0221)
225,tensor(1),tensor(0.2115),tensor(0.3698),tensor(0.1440),tensor(0.1380),tensor(0.1368)
226,tensor(0),tensor(0.7985),tensor(0.0550),tensor(0.0492),tensor(0.0488),tensor(0.0486)
227,tensor(0),tensor(0.7141),tensor(0.0802),tensor(0.0691),tensor(0.0684),tensor(0.0681)
228,tensor(0),tensor(0.9070),tensor(0.0244),tensor(0.0230),tensor(0.0229),tensor(0.0228)
229,tensor(0),tensor(0.9204),tensor(0.0207),tensor(0.0197),tensor(0.0196),tensor(0.0196)
230,tensor(0),tensor(0.7145),tensor(0.0793),tensor(0.0693),tensor(0.0687),tensor(0.0682)
231,tensor(0),tensor(0.9016),tensor(0.0258),tensor(0.0243),tensor(0.0242),tensor(0.0241)
232,tensor(0),tensor(0.3675),tensor(0.2204),tensor(0.1405),tensor(0.1364),tensor(0.1352)
233,tensor(0),tensor(0.9263),tensor(0.0192),tensor(0.0182),tensor(0.0182),tensor(0.0181)
234,tensor(0),tensor(0.7330),tensor(0.0743),tensor(0.0647),tensor(0.0642),tensor(0.0638)
235,tensor(0),tensor(0.8865),tensor(0.0300),tensor(0.0279),tensor(0.0278),tensor(0.0277)
236,tensor(0),tensor(0.8616),tensor(0.0369),tensor(0.0340),tensor(0.0338),tensor(0.0337)
237,tensor(0),tensor(0.9181),tensor(0.0214),tensor(0.0203),tensor(0.0202),tensor(0.0201)
238,tensor(0),tensor(0.8475),tensor(0.0410),tensor(0.0374),tensor(0.0372),tensor(0.0370)
239,tensor(0),tensor(0.8771),tensor(0.0324),tensor(0.0303),tensor(0.0302),tensor(0.0300)
240,tensor(0),tensor(0.9141),tensor(0.0224),tensor(0.0212),tensor(0.0211),tensor(0.0211)
241,tensor(0),tensor(0.9101),tensor(0.0236),tensor(0.0222),tensor(0.0221),tensor(0.0220)
242,tensor(0),tensor(0.8777),tensor(0.0324),tensor(0.0301),tensor(0.0300),tensor(0.0298)
243,tensor(0),tensor(0.9094),tensor(0.0237),tensor(0.0224),tensor(0.0223),tensor(0.0222)
244,tensor(0),tensor(0.8148),tensor(0.0504),tensor(0.0452),tensor(0.0449),tensor(0.0447)
245,tensor(0),tensor(0.8468),tensor(0.0412),tensor(0.0375),tensor(0.0374),tensor(0.0372)
246,tensor(0),tensor(0.8726),tensor(0.0338),tensor(0.0314),tensor(0.0312),tensor(0.0310)
247,tensor(1),tensor(0.1980),tensor(0.3953),tensor(0.1398),tensor(0.1340),tensor(0.1329)
248,tensor(0),tensor(0.7741),tensor(0.0619),tensor(0.0550),tensor(0.0546),tensor(0.0543)
249,tensor(0),tensor(0.6998),tensor(0.0854),tensor(0.0723),tensor(0.0715),tensor(0.0710)
250,tensor(0),tensor(0.5801),tensor(0.1259),tensor(0.0993),tensor(0.0977),tensor(0.0971)
251,tensor(0),tensor(0.9089),tensor(0.0238),tensor(0.0225),tensor(0.0224),tensor(0.0223)
252,tensor(0),tensor(0.8876),tensor(0.0297),tensor(0.0277),tensor(0.0276),tensor(0.0275)
253,tensor(0),tensor(0.9086),tensor(0.0239),tensor(0.0226),tensor(0.0225),tensor(0.0224)
254,tensor(0),tensor(0.9305),tensor(0.0181),tensor(0.0172),tensor(0.0171),tensor(0.0171)
255,tensor(0),tensor(0.8839),tensor(0.0307),tensor(0.0285),tensor(0.0284),tensor(0.0283)
256,tensor(0),tensor(0.9303),tensor(0.0181),tensor(0.0172),tensor(0.0172),tensor(0.0171)
257,tensor(1),tensor(0.1779),tensor(0.4084),tensor(0.1434),tensor(0.1359),tensor(0.1345)
258,tensor(0),tensor(0.4444),tensor(0.1844),tensor(0.1258),tensor(0.1231),tensor(0.1223)
259,tensor(0),tensor(0.7936),tensor(0.0567),tensor(0.0502),tensor(0.0499),tensor(0.0496)
260,tensor(0),tensor(0.8673),tensor(0.0351),tensor(0.0327),tensor(0.0325),tensor(0.0324)
261,tensor(0),tensor(0.7435),tensor(0.0706),tensor(0.0625),tensor(0.0619),tensor(0.0615)
262,tensor(0),tensor(0.9252),tensor(0.0195),tensor(0.0185),tensor(0.0184),tensor(0.0184)
263,tensor(0),tensor(0.4655),tensor(0.1775),tensor(0.1209),tensor(0.1184),tensor(0.1177)
264,tensor(0),tensor(0.9230),tensor(0.0201),tensor(0.0190),tensor(0.0190),tensor(0.0189)
265,tensor(0),tensor(0.8935),tensor(0.0280),tensor(0.0262),tensor(0.0261),tensor(0.0261)
266,tensor(0),tensor(0.8976),tensor(0.0270),tensor(0.0252),tensor(0.0252),tensor(0.0251)
267,tensor(0),tensor(0.3646),tensor(0.2361),tensor(0.1355),tensor(0.1323),tensor(0.1315)
268,tensor(0),tensor(0.7699),tensor(0.0615),tensor(0.0568),tensor(0.0561),tensor(0.0557)
269,tensor(0),tensor(0.5408),tensor(0.1257),tensor(0.1143),tensor(0.1103),tensor(0.1089)
270,tensor(0),tensor(0.9013),tensor(0.0260),tensor(0.0243),tensor(0.0242),tensor(0.0241)
271,tensor(0),tensor(0.9099),tensor(0.0236),tensor(0.0222),tensor(0.0221),tensor(0.0221)
272,tensor(0),tensor(0.5407),tensor(0.1427),tensor(0.1069),tensor(0.1052),tensor(0.1046)
273,tensor(0),tensor(0.9057),tensor(0.0247),tensor(0.0233),tensor(0.0232),tensor(0.0231)
274,tensor(0),tensor(0.9029),tensor(0.0256),tensor(0.0239),tensor(0.0238),tensor(0.0238)
275,tensor(0),tensor(0.9088),tensor(0.0240),tensor(0.0225),tensor(0.0224),tensor(0.0223)
276,tensor(0),tensor(0.7647),tensor(0.0643),tensor(0.0574),tensor(0.0570),tensor(0.0566)
277,tensor(0),tensor(0.8991),tensor(0.0266),tensor(0.0249),tensor(0.0248),tensor(0.0246)
278,tensor(0),tensor(0.6474),tensor(0.0994),tensor(0.0855),tensor(0.0842),tensor(0.0834)
279,tensor(0),tensor(0.3187),tensor(0.2181),tensor(0.1636),tensor(0.1513),tensor(0.1482)
280,tensor(0),tensor(0.9336),tensor(0.0172),tensor(0.0165),tensor(0.0164),tensor(0.0164)
281,tensor(0),tensor(0.9306),tensor(0.0180),tensor(0.0172),tensor(0.0171),tensor(0.0171)
282,tensor(0),tensor(0.4623),tensor(0.1803),tensor(0.1209),tensor(0.1186),tensor(0.1179)
283,tensor(0),tensor(0.8477),tensor(0.0408),tensor(0.0373),tensor(0.0371),tensor(0.0370)
284,tensor(0),tensor(0.9114),tensor(0.0232),tensor(0.0219),tensor(0.0218),tensor(0.0217)
285,tensor(0),tensor(0.8368),tensor(0.0433),tensor(0.0401),tensor(0.0399),tensor(0.0398)
286,tensor(0),tensor(0.8485),tensor(0.0403),tensor(0.0373),tensor(0.0370),tensor(0.0368)
287,tensor(0),tensor(0.8931),tensor(0.0282),tensor(0.0263),tensor(0.0262),tensor(0.0261)
288,tensor(0),tensor(0.8174),tensor(0.0490),tensor(0.0449),tensor(0.0445),tensor(0.0443)
289,tensor(0),tensor(0.9239),tensor(0.0198),tensor(0.0188),tensor(0.0188),tensor(0.0187)
290,tensor(0),tensor(0.9199),tensor(0.0209),tensor(0.0198),tensor(0.0198),tensor(0.0197)
291,tensor(1),tensor(0.8915),tensor(0.0286),tensor(0.0268),tensor(0.0266),tensor(0.0265)
292,tensor(0),tensor(0.9145),tensor(0.0222),tensor(0.0212),tensor(0.0211),tensor(0.0210)
293,tensor(1),tensor(0.6134),tensor(0.1113),tensor(0.0929),tensor(0.0915),tensor(0.0909)
294,tensor(0),tensor(0.8631),tensor(0.0362),tensor(0.0337),tensor(0.0336),tensor(0.0334)
295,tensor(0),tensor(0.1891),tensor(0.3974),tensor(0.1428),tensor(0.1360),tensor(0.1347)
296,tensor(0),tensor(0.9157),tensor(0.0220),tensor(0.0208),tensor(0.0208),tensor(0.0207)
297,tensor(0),tensor(0.9019),tensor(0.0257),tensor(0.0242),tensor(0.0241),tensor(0.0241)
298,tensor(0),tensor(0.2634),tensor(0.2556),tensor(0.1708),tensor(0.1568),tensor(0.1535)
299,tensor(0),tensor(0.9052),tensor(0.0249),tensor(0.0234),tensor(0.0233),tensor(0.0232)
300,tensor(0),tensor(0.4587),tensor(0.1766),tensor(0.1237),tensor(0.1209),tensor(0.1201)
301,tensor(0),tensor(0.8672),tensor(0.0354),tensor(0.0326),tensor(0.0325),tensor(0.0323)
302,tensor(0),tensor(0.9207),tensor(0.0207),tensor(0.0196),tensor(0.0195),tensor(0.0195)
303,tensor(0),tensor(0.9035),tensor(0.0254),tensor(0.0238),tensor(0.0237),tensor(0.0236)
304,tensor(0),tensor(0.8066),tensor(0.0527),tensor(0.0472),tensor(0.0469),tensor(0.0467)
305,tensor(0),tensor(0.8669),tensor(0.0354),tensor(0.0327),tensor(0.0326),tensor(0.0324)
306,tensor(0),tensor(0.7373),tensor(0.0704),tensor(0.0646),tensor(0.0641),tensor(0.0636)
307,tensor(0),tensor(0.8942),tensor(0.0278),tensor(0.0261),tensor(0.0260),tensor(0.0259)
308,tensor(0),tensor(0.9124),tensor(0.0229),tensor(0.0216),tensor(0.0216),tensor(0.0215)
309,tensor(0),tensor(0.8827),tensor(0.0309),tensor(0.0289),tensor(0.0288),tensor(0.0287)
310,tensor(0),tensor(0.8390),tensor(0.0431),tensor(0.0395),tensor(0.0393),tensor(0.0391)
311,tensor(0),tensor(0.8740),tensor(0.0332),tensor(0.0311),tensor(0.0309),tensor(0.0308)
312,tensor(0),tensor(0.3698),tensor(0.2181),tensor(0.1409),tensor(0.1364),tensor(0.1348)
313,tensor(0),tensor(0.8440),tensor(0.0420),tensor(0.0382),tensor(0.0380),tensor(0.0378)
314,tensor(0),tensor(0.8454),tensor(0.0415),tensor(0.0379),tensor(0.0377),tensor(0.0375)
315,tensor(0),tensor(0.8765),tensor(0.0329),tensor(0.0304),tensor(0.0302),tensor(0.0301)
316,tensor(0),tensor(0.9022),tensor(0.0257),tensor(0.0241),tensor(0.0240),tensor(0.0239)
317,tensor(1),tensor(0.6585),tensor(0.0967),tensor(0.0825),tensor(0.0814),tensor(0.0809)
318,tensor(0),tensor(0.3387),tensor(0.2362),tensor(0.1460),tensor(0.1403),tensor(0.1388)
319,tensor(0),tensor(0.8332),tensor(0.0449),tensor(0.0409),tensor(0.0406),tensor(0.0404)
320,tensor(0),tensor(0.9209),tensor(0.0206),tensor(0.0196),tensor(0.0195),tensor(0.0194)
321,tensor(0),tensor(0.8103),tensor(0.0511),tensor(0.0464),tensor(0.0462),tensor(0.0460)
322,tensor(0),tensor(0.8672),tensor(0.0353),tensor(0.0326),tensor(0.0325),tensor(0.0323)
323,tensor(0),tensor(0.8498),tensor(0.0401),tensor(0.0369),tensor(0.0367),tensor(0.0365)
324,tensor(0),tensor(0.8128),tensor(0.0509),tensor(0.0457),tensor(0.0454),tensor(0.0452)
325,tensor(0),tensor(0.8945),tensor(0.0281),tensor(0.0259),tensor(0.0258),tensor(0.0257)
326,tensor(0),tensor(0.5309),tensor(0.1456),tensor(0.1091),tensor(0.1075),tensor(0.1069)
327,tensor(0),tensor(0.9509),tensor(0.0127),tensor(0.0122),tensor(0.0121),tensor(0.0121)
328,tensor(0),tensor(0.8845),tensor(0.0306),tensor(0.0284),tensor(0.0283),tensor(0.0282)
329,tensor(0),tensor(0.6810),tensor(0.0888),tensor(0.0775),tensor(0.0765),tensor(0.0761)
330,tensor(0),tensor(0.8851),tensor(0.0302),tensor(0.0283),tensor(0.0282),tensor(0.0281)
331,tensor(0),tensor(0.8919),tensor(0.0285),tensor(0.0266),tensor(0.0265),tensor(0.0264)
332,tensor(0),tensor(0.7272),tensor(0.0751),tensor(0.0665),tensor(0.0658),tensor(0.0654)
333,tensor(1),tensor(0.2421),tensor(0.2684),tensor(0.1741),tensor(0.1594),tensor(0.1559)
334,tensor(0),tensor(0.3117),tensor(0.2496),tensor(0.1523),tensor(0.1442),tensor(0.1422)
335,tensor(1),tensor(0.2841),tensor(0.2411),tensor(0.1686),tensor(0.1548),tensor(0.1514)
336,tensor(0),tensor(0.7701),tensor(0.0627),tensor(0.0562),tensor(0.0557),tensor(0.0554)
337,tensor(1),tensor(0.1964),tensor(0.3830),tensor(0.1464),tensor(0.1378),tensor(0.1364)
338,tensor(0),tensor(0.9502),tensor(0.0128),tensor(0.0124),tensor(0.0123),tensor(0.0123)
339,tensor(0),tensor(0.9352),tensor(0.0168),tensor(0.0161),tensor(0.0160),tensor(0.0160)
340,tensor(0),tensor(0.6476),tensor(0.0977),tensor(0.0860),tensor(0.0848),tensor(0.0839)
341,tensor(1),tensor(0.5000),tensor(0.1470),tensor(0.1203),tensor(0.1171),tensor(0.1156)
342,tensor(0),tensor(0.9474),tensor(0.0136),tensor(0.0130),tensor(0.0130),tensor(0.0130)
343,tensor(0),tensor(0.9459),tensor(0.0140),tensor(0.0134),tensor(0.0134),tensor(0.0133)
344,tensor(0),tensor(0.5711),tensor(0.1294),tensor(0.1012),tensor(0.0995),tensor(0.0988)
345,tensor(0),tensor(0.9237),tensor(0.0199),tensor(0.0188),tensor(0.0188),tensor(0.0187)
346,tensor(0),tensor(0.2456),tensor(0.2946),tensor(0.1618),tensor(0.1502),tensor(0.1478)
347,tensor(0),tensor(0.5736),tensor(0.1224),tensor(0.1031),tensor(0.1009),tensor(0.1000)
348,tensor(0),tensor(0.8634),tensor(0.0365),tensor(0.0335),tensor(0.0334),tensor(0.0332)
349,tensor(0),tensor(0.9192),tensor(0.0212),tensor(0.0199),tensor(0.0199),tensor(0.0198)
350,tensor(0),tensor(0.8588),tensor(0.0373),tensor(0.0348),tensor(0.0346),tensor(0.0344)
351,tensor(0),tensor(0.7212),tensor(0.0774),tensor(0.0678),tensor(0.0670),tensor(0.0666)
352,tensor(0),tensor(0.8622),tensor(0.0365),tensor(0.0339),tensor(0.0338),tensor(0.0336)
353,tensor(0),tensor(0.4737),tensor(0.1612),tensor(0.1244),tensor(0.1209),tensor(0.1198)
354,tensor(0),tensor(0.8954),tensor(0.0276),tensor(0.0258),tensor(0.0256),tensor(0.0255)
355,tensor(0),tensor(0.8610),tensor(0.0371),tensor(0.0342),tensor(0.0340),tensor(0.0338)
356,tensor(0),tensor(0.8614),tensor(0.0369),tensor(0.0341),tensor(0.0339),tensor(0.0337)
357,tensor(0),tensor(0.8111),tensor(0.0510),tensor(0.0463),tensor(0.0459),tensor(0.0456)
358,tensor(0),tensor(0.9280),tensor(0.0187),tensor(0.0178),tensor(0.0178),tensor(0.0177)
359,tensor(0),tensor(0.9025),tensor(0.0256),tensor(0.0240),tensor(0.0239),tensor(0.0239)
360,tensor(0),tensor(0.9152),tensor(0.0222),tensor(0.0210),tensor(0.0209),tensor(0.0208)
361,tensor(0),tensor(0.9181),tensor(0.0214),tensor(0.0202),tensor(0.0201),tensor(0.0201)
362,tensor(0),tensor(0.9304),tensor(0.0181),tensor(0.0172),tensor(0.0172),tensor(0.0171)
363,tensor(0),tensor(0.9093),tensor(0.0237),tensor(0.0224),tensor(0.0223),tensor(0.0222)
364,tensor(0),tensor(0.1834),tensor(0.4087),tensor(0.1403),tensor(0.1343),tensor(0.1332)
365,tensor(0),tensor(0.2145),tensor(0.3392),tensor(0.1555),tensor(0.1464),tensor(0.1444)
366,tensor(0),tensor(0.8690),tensor(0.0348),tensor(0.0322),tensor(0.0320),tensor(0.0319)
367,tensor(0),tensor(0.9007),tensor(0.0262),tensor(0.0244),tensor(0.0244),tensor(0.0243)
368,tensor(0),tensor(0.6788),tensor(0.0902),tensor(0.0778),tensor(0.0769),tensor(0.0764)
369,tensor(0),tensor(0.8812),tensor(0.0314),tensor(0.0293),tensor(0.0291),tensor(0.0290)
370,tensor(0),tensor(0.8781),tensor(0.0323),tensor(0.0300),tensor(0.0299),tensor(0.0298)
371,tensor(0),tensor(0.9343),tensor(0.0171),tensor(0.0162),tensor(0.0162),tensor(0.0162)
372,tensor(0),tensor(0.7613),tensor(0.0647),tensor(0.0585),tensor(0.0579),tensor(0.0575)
373,tensor(0),tensor(0.7375),tensor(0.0722),tensor(0.0640),tensor(0.0634),tensor(0.0629)
374,tensor(0),tensor(0.8263),tensor(0.0465),tensor(0.0427),tensor(0.0424),tensor(0.0422)
375,tensor(0),tensor(0.8430),tensor(0.0422),tensor(0.0385),tensor(0.0383),tensor(0.0380)
376,tensor(0),tensor(0.9026),tensor(0.0256),tensor(0.0240),tensor(0.0239),tensor(0.0238)
377,tensor(0),tensor(0.8806),tensor(0.0315),tensor(0.0294),tensor(0.0293),tensor(0.0292)
378,tensor(0),tensor(0.9554),tensor(0.0115),tensor(0.0111),tensor(0.0110),tensor(0.0110)
379,tensor(0),tensor(0.9416),tensor(0.0151),tensor(0.0145),tensor(0.0144),tensor(0.0144)
380,tensor(0),tensor(0.9446),tensor(0.0143),tensor(0.0137),tensor(0.0137),tensor(0.0137)
381,tensor(0),tensor(0.9157),tensor(0.0220),tensor(0.0208),tensor(0.0208),tensor(0.0207)
382,tensor(0),tensor(0.5822),tensor(0.1239),tensor(0.0995),tensor(0.0975),tensor(0.0968)
383,tensor(0),tensor(0.8845),tensor(0.0305),tensor(0.0285),tensor(0.0283),tensor(0.0282)
384,tensor(0),tensor(0.8734),tensor(0.0337),tensor(0.0311),tensor(0.0310),tensor(0.0308)
385,tensor(0),tensor(0.7182),tensor(0.0776),tensor(0.0685),tensor(0.0680),tensor(0.0676)
386,tensor(0),tensor(0.8948),tensor(0.0276),tensor(0.0260),tensor(0.0259),tensor(0.0258)
387,tensor(0),tensor(0.8397),tensor(0.0425),tensor(0.0395),tensor(0.0392),tensor(0.0391)
388,tensor(0),tensor(0.8644),tensor(0.0359),tensor(0.0334),tensor(0.0332),tensor(0.0330)
389,tensor(0),tensor(0.8710),tensor(0.0343),tensor(0.0318),tensor(0.0316),tensor(0.0314)
390,tensor(0),tensor(0.6822),tensor(0.0900),tensor(0.0767),tensor(0.0757),tensor(0.0752)
391,tensor(0),tensor(0.8606),tensor(0.0370),tensor(0.0343),tensor(0.0341),tensor(0.0340)
392,tensor(0),tensor(0.8853),tensor(0.0303),tensor(0.0283),tensor(0.0281),tensor(0.0280)
393,tensor(0),tensor(0.5848),tensor(0.1224),tensor(0.0992),tensor(0.0972),tensor(0.0965)
394,tensor(0),tensor(0.8068),tensor(0.0526),tensor(0.0471),tensor(0.0468),tensor(0.0467)
395,tensor(0),tensor(0.9455),tensor(0.0141),tensor(0.0135),tensor(0.0135),tensor(0.0134)
396,tensor(0),tensor(0.8413),tensor(0.0423),tensor(0.0390),tensor(0.0388),tensor(0.0386)
397,tensor(0),tensor(0.8600),tensor(0.0371),tensor(0.0345),tensor(0.0343),tensor(0.0341)
398,tensor(0),tensor(0.5698),tensor(0.1309),tensor(0.1009),tensor(0.0995),tensor(0.0989)
399,tensor(0),tensor(0.8905),tensor(0.0290),tensor(0.0270),tensor(0.0269),tensor(0.0267)
400,tensor(0),tensor(0.1863),tensor(0.3820),tensor(0.1525),tensor(0.1406),tensor(0.1386)
401,tensor(0),tensor(0.8647),tensor(0.0363),tensor(0.0332),tensor(0.0330),tensor(0.0329)
402,tensor(0),tensor(0.8086),tensor(0.0524),tensor(0.0466),tensor(0.0463),tensor(0.0461)
403,tensor(0),tensor(0.8955),tensor(0.0277),tensor(0.0257),tensor(0.0256),tensor(0.0255)
404,tensor(0),tensor(0.7983),tensor(0.0545),tensor(0.0494),tensor(0.0490),tensor(0.0488)
405,tensor(1),tensor(0.7568),tensor(0.0663),tensor(0.0593),tensor(0.0589),tensor(0.0586)
406,tensor(0),tensor(0.8655),tensor(0.0357),tensor(0.0331),tensor(0.0329),tensor(0.0328)
407,tensor(0),tensor(0.9091),tensor(0.0237),tensor(0.0225),tensor(0.0224),tensor(0.0223)
408,tensor(0),tensor(0.9138),tensor(0.0226),tensor(0.0213),tensor(0.0212),tensor(0.0211)
409,tensor(0),tensor(0.8852),tensor(0.0302),tensor(0.0283),tensor(0.0282),tensor(0.0281)
410,tensor(0),tensor(0.5164),tensor(0.1464),tensor(0.1147),tensor(0.1118),tensor(0.1107)
411,tensor(0),tensor(0.7212),tensor(0.0778),tensor(0.0677),tensor(0.0669),tensor(0.0665)
412,tensor(0),tensor(0.8543),tensor(0.0389),tensor(0.0358),tensor(0.0356),tensor(0.0355)
413,tensor(0),tensor(0.5607),tensor(0.1331),tensor(0.1033),tensor(0.1017),tensor(0.1011)
414,tensor(0),tensor(0.9196),tensor(0.0210),tensor(0.0199),tensor(0.0198),tensor(0.0197)
415,tensor(0),tensor(0.9217),tensor(0.0204),tensor(0.0193),tensor(0.0193),tensor(0.0192)
416,tensor(0),tensor(0.8520),tensor(0.0393),tensor(0.0365),tensor(0.0362),tensor(0.0360)
417,tensor(0),tensor(0.2274),tensor(0.2944),tensor(0.1703),tensor(0.1556),tensor(0.1523)
418,tensor(0),tensor(0.9035),tensor(0.0253),tensor(0.0238),tensor(0.0237),tensor(0.0236)
419,tensor(0),tensor(0.9354),tensor(0.0167),tensor(0.0160),tensor(0.0159),tensor(0.0159)
420,tensor(0),tensor(0.8903),tensor(0.0289),tensor(0.0270),tensor(0.0269),tensor(0.0268)
421,tensor(0),tensor(0.9470),tensor(0.0137),tensor(0.0131),tensor(0.0131),tensor(0.0131)
422,tensor(0),tensor(0.9134),tensor(0.0227),tensor(0.0214),tensor(0.0213),tensor(0.0212)
423,tensor(0),tensor(0.9174),tensor(0.0215),tensor(0.0204),tensor(0.0204),tensor(0.0203)
424,tensor(0),tensor(0.8654),tensor(0.0360),tensor(0.0331),tensor(0.0329),tensor(0.0327)
425,tensor(0),tensor(0.8556),tensor(0.0383),tensor(0.0356),tensor(0.0354),tensor(0.0352)
426,tensor(0),tensor(0.8879),tensor(0.0298),tensor(0.0276),tensor(0.0275),tensor(0.0273)
427,tensor(0),tensor(0.7746),tensor(0.0627),tensor(0.0546),tensor(0.0542),tensor(0.0539)
428,tensor(0),tensor(0.8613),tensor(0.0369),tensor(0.0341),tensor(0.0339),tensor(0.0338)
429,tensor(0),tensor(0.9021),tensor(0.0257),tensor(0.0242),tensor(0.0241),tensor(0.0240)
430,tensor(0),tensor(0.8981),tensor(0.0269),tensor(0.0251),tensor(0.0250),tensor(0.0249)
431,tensor(0),tensor(0.8888),tensor(0.0293),tensor(0.0274),tensor(0.0273),tensor(0.0272)
432,tensor(0),tensor(0.8852),tensor(0.0305),tensor(0.0282),tensor(0.0281),tensor(0.0280)
433,tensor(0),tensor(0.8808),tensor(0.0315),tensor(0.0294),tensor(0.0292),tensor(0.0291)
434,tensor(0),tensor(0.4905),tensor(0.1534),tensor(0.1217),tensor(0.1179),tensor(0.1165)
435,tensor(0),tensor(0.8671),tensor(0.0351),tensor(0.0328),tensor(0.0326),tensor(0.0325)
436,tensor(0),tensor(0.7975),tensor(0.0551),tensor(0.0494),tensor(0.0491),tensor(0.0488)
437,tensor(0),tensor(0.2971),tensor(0.2367),tensor(0.1641),tensor(0.1527),tensor(0.1495)
438,tensor(0),tensor(0.7304),tensor(0.0744),tensor(0.0655),tensor(0.0650),tensor(0.0647)
439,tensor(1),tensor(0.1789),tensor(0.4092),tensor(0.1424),tensor(0.1354),tensor(0.1341)
440,tensor(0),tensor(0.4070),tensor(0.1807),tensor(0.1413),tensor(0.1365),tensor(0.1344)
441,tensor(0),tensor(0.8547),tensor(0.0387),tensor(0.0357),tensor(0.0355),tensor(0.0354)
442,tensor(0),tensor(0.8140),tensor(0.0497),tensor(0.0458),tensor(0.0454),tensor(0.0451)
443,tensor(0),tensor(0.2704),tensor(0.2669),tensor(0.1627),tensor(0.1513),tensor(0.1487)
444,tensor(0),tensor(0.8372),tensor(0.0433),tensor(0.0401),tensor(0.0398),tensor(0.0396)
445,tensor(0),tensor(0.8719),tensor(0.0338),tensor(0.0316),tensor(0.0314),tensor(0.0313)
446,tensor(0),tensor(0.8883),tensor(0.0296),tensor(0.0275),tensor(0.0274),tensor(0.0273)
447,tensor(0),tensor(0.8749),tensor(0.0332),tensor(0.0308),tensor(0.0306),tensor(0.0305)
448,tensor(0),tensor(0.7907),tensor(0.0573),tensor(0.0510),tensor(0.0506),tensor(0.0504)
449,tensor(0),tensor(0.4145),tensor(0.1947),tensor(0.1332),tensor(0.1293),tensor(0.1283)
